0.9491 1.0655 1.1354 1.1373 1.0510
0.9454 1.1003 1.1291 1.1431 1.0043
0.9498 1.1257 1.1247 1.1450 0.9564
0.9649 1.1397 1.1234 1.1391 0.9107
0.9914 1.1439 1.1256 1.1218 0.8694
1.0268 1.1413 1.1307 1.0917 0.8333
1.0655 1.1354 1.1373 1.0510 0.8024
1.1003 1.1291 1.1431 1.0043 0.7760
1.1257 1.1247 1.1450 0.9564 0.7530
1.1397 1.1234 1.1391 0.9107 0.7319
1.1439 1.1256 1.1218 0.8694 0.7117
1.1413 1.1307 1.0917 0.8333 0.6917
1.1354 1.1373 1.0510 0.8024 0.6717
1.1291 1.1431 1.0043 0.7760 0.6526
1.1247 1.1450 0.9564 0.7530 0.6359
1.1234 1.1391 0.9107 0.7319 0.6242
1.1256 1.1218 0.8694 0.7117 0.6212
1.1307 1.0917 0.8333 0.6917 0.6309
1.1373 1.0510 0.8024 0.6717 0.6564
1.1431 1.0043 0.7760 0.6526 0.6974
1.1450 0.9564 0.7530 0.6359 0.7499
1.1391 0.9107 0.7319 0.6242 0.8081
1.1218 0.8694 0.7117 0.6212 0.8663
1.0917 0.8333 0.6917 0.6309 0.9211
1.0510 0.8024 0.6717 0.6564 0.9707
1.0043 0.7760 0.6526 0.6974 1.0144
0.9564 0.7530 0.6359 0.7499 1.0522
0.9107 0.7319 0.6242 0.8081 1.0842
0.8694 0.7117 0.6212 0.8663 1.1107
0.8333 0.6917 0.6309 0.9211 1.1318
0.8024 0.6717 0.6564 0.9707 1.1479
0.7760 0.6526 0.6974 1.0144 1.1596
0.7530 0.6359 0.7499 1.0522 1.1678
0.7319 0.6242 0.8081 1.0842 1.1740
0.7117 0.6212 0.8663 1.1107 1.1802
0.6917 0.6309 0.9211 1.1318 1.1889
0.6717 0.6564 0.9707 1.1479 1.2022
0.6526 0.6974 1.0144 1.1596 1.2204
0.6359 0.7499 1.0522 1.1678 1.2412
0.6242 0.8081 1.0842 1.1740 1.2588
0.6212 0.8663 1.1107 1.1802 1.2663
0.6309 0.9211 1.1318 1.1889 1.2589
0.6564 0.9707 1.1479 1.2022 1.2359
0.6974 1.0144 1.1596 1.2204 1.1997
0.7499 1.0522 1.1678 1.2412 1.1540
0.8081 1.0842 1.1740 1.2588 1.1026
0.8663 1.1107 1.1802 1.2663 1.0488
0.9211 1.1318 1.1889 1.2589 0.9948
0.9707 1.1479 1.2022 1.2359 0.9422
1.0144 1.1596 1.2204 1.1997 0.8923
1.0522 1.1678 1.2412 1.1540 0.8454
1.0842 1.1740 1.2588 1.1026 0.8016
1.1107 1.1802 1.2663 1.0488 0.7603
1.1318 1.1889 1.2589 0.9948 0.7205
1.1479 1.2022 1.2359 0.9422 0.6814
1.1596 1.2204 1.1997 0.8923 0.6425
1.1678 1.2412 1.1540 0.8454 0.6042
1.1740 1.2588 1.1026 0.8016 0.5678
1.1802 1.2663 1.0488 0.7603 0.5349
1.1889 1.2589 0.9948 0.7205 0.5075
1.2022 1.2359 0.9422 0.6814 0.4878
1.2204 1.1997 0.8923 0.6425 0.4787
1.2412 1.1540 0.8454 0.6042 0.4835
1.2588 1.1026 0.8016 0.5678 0.5053
1.2663 1.0488 0.7603 0.5349 0.5453
1.2589 0.9948 0.7205 0.5075 0.6012
1.2359 0.9422 0.6814 0.4878 0.6673
1.1997 0.8923 0.6425 0.4787 0.7369
1.1540 0.8454 0.6042 0.4835 0.8037
1.1026 0.8016 0.5678 0.5053 0.8641
1.0488 0.7603 0.5349 0.5453 0.9158
0.9948 0.7205 0.5075 0.6012 0.9580
0.9422 0.6814 0.4878 0.6673 0.9904
0.8923 0.6425 0.4787 0.7369 1.0134
0.8454 0.6042 0.4835 0.8037 1.0275
0.8016 0.5678 0.5053 0.8641 1.0340
0.7603 0.5349 0.5453 0.9158 1.0342
0.7205 0.5075 0.6012 0.9580 1.0301
0.6814 0.4878 0.6673 0.9904 1.0237
0.6425 0.4787 0.7369 1.0134 1.0176
0.6042 0.4835 0.8037 1.0275 1.0147
0.5678 0.5053 0.8641 1.0340 1.0181
0.5349 0.5453 0.9158 1.0342 1.0303
0.5075 0.6012 0.9580 1.0301 1.0522
0.4878 0.6673 0.9904 1.0237 1.0823
0.4787 0.7369 1.0134 1.0176 1.1158
0.4835 0.8037 1.0275 1.0147 1.1455
0.5053 0.8641 1.0340 1.0181 1.1646
0.5453 0.9158 1.0342 1.0303 1.1698
0.6012 0.9580 1.0301 1.0522 1.1622
0.6673 0.9904 1.0237 1.0823 1.1453
0.7369 1.0134 1.0176 1.1158 1.1230
0.8037 1.0275 1.0147 1.1455 1.0991
0.8641 1.0340 1.0181 1.1646 1.0764
0.9158 1.0342 1.0303 1.1698 1.0568
0.9580 1.0301 1.0522 1.1622 1.0412
0.9904 1.0237 1.0823 1.1453 1.0295
1.0134 1.0176 1.1158 1.1230 1.0208
1.0275 1.0147 1.1455 1.0991 1.0127
1.0340 1.0181 1.1646 1.0764 1.0022
1.0342 1.0303 1.1698 1.0568 0.9860
1.0301 1.0522 1.1622 1.0412 0.9614
1.0237 1.0823 1.1453 1.0295 0.9279
1.0176 1.1158 1.1230 1.0208 0.8877
1.0147 1.1455 1.0991 1.0127 0.8447
1.0181 1.1646 1.0764 1.0022 0.8030
1.0303 1.1698 1.0568 0.9860 0.7658
1.0522 1.1622 1.0412 0.9614 0.7354
1.0823 1.1453 1.0295 0.9279 0.7135
1.1158 1.1230 1.0208 0.8877 0.7008
1.1455 1.0991 1.0127 0.8447 0.6970
1.1646 1.0764 1.0022 0.8030 0.7011
1.1698 1.0568 0.9860 0.7658 0.7112
1.1622 1.0412 0.9614 0.7354 0.7255
1.1453 1.0295 0.9279 0.7135 0.7422
1.1230 1.0208 0.8877 0.7008 0.7605
1.0991 1.0127 0.8447 0.6970 0.7805
1.0764 1.0022 0.8030 0.7011 0.8038
1.0568 0.9860 0.7658 0.7112 0.8325
1.0412 0.9614 0.7354 0.7255 0.8684
1.0295 0.9279 0.7135 0.7422 0.9113
1.0208 0.8877 0.7008 0.7605 0.9579
1.0127 0.8447 0.6970 0.7805 1.0037
1.0022 0.8030 0.7011 0.8038 1.0452
0.9860 0.7658 0.7112 0.8325 1.0807
0.9614 0.7354 0.7255 0.8684 1.1102
0.9279 0.7135 0.7422 0.9113 1.1349
0.8877 0.7008 0.7605 0.9579 1.1562
0.8447 0.6970 0.7805 1.0037 1.1755
0.8030 0.7011 0.8038 1.0452 1.1941
0.7658 0.7112 0.8325 1.0807 1.2124
0.7354 0.7255 0.8684 1.1102 1.2307
0.7135 0.7422 0.9113 1.1349 1.2489
0.7008 0.7605 0.9579 1.1562 1.2666
0.6970 0.7805 1.0037 1.1755 1.2835
0.7011 0.8038 1.0452 1.1941 1.2985
0.7112 0.8325 1.0807 1.2124 1.3098
0.7255 0.8684 1.1102 1.2307 1.3137
0.7422 0.9113 1.1349 1.2489 1.3057
0.7605 0.9579 1.1562 1.2666 1.2826
0.7805 1.0037 1.1755 1.2835 1.2452
0.8038 1.0452 1.1941 1.2985 1.1970
0.8325 1.0807 1.2124 1.3098 1.1422
0.8684 1.1102 1.2307 1.3137 1.0841
0.9113 1.1349 1.2489 1.3057 1.0252
0.9579 1.1562 1.2666 1.2826 0.9667
1.0037 1.1755 1.2835 1.2452 0.9094
1.0452 1.1941 1.2985 1.1970 0.8538
1.0807 1.2124 1.3098 1.1422 0.8001
1.1102 1.2307 1.3137 1.0841 0.7484
1.1349 1.2489 1.3057 1.0252 0.6990
1.1562 1.2666 1.2826 0.9667 0.6520
1.1755 1.2835 1.2452 0.9094 0.6076
1.1941 1.2985 1.1970 0.8538 0.5659
1.2124 1.3098 1.1422 0.8001 0.5275
1.2307 1.3137 1.0841 0.7484 0.4930
1.2489 1.3057 1.0252 0.6990 0.4635
1.2666 1.2826 0.9667 0.6520 0.4406
1.2835 1.2452 0.9094 0.6076 0.4270
1.2985 1.1970 0.8538 0.5659 0.4256
1.3098 1.1422 0.8001 0.5275 0.4403
1.3137 1.0841 0.7484 0.4930 0.4741
1.3057 1.0252 0.6990 0.4635 0.5269
1.2826 0.9667 0.6520 0.4406 0.5944
1.2452 0.9094 0.6076 0.4270 0.6688
1.1970 0.8538 0.5659 0.4256 0.7420
1.1422 0.8001 0.5275 0.4403 0.8078
1.0841 0.7484 0.4930 0.4741 0.8630
1.0252 0.6990 0.4635 0.5269 0.9065
0.9667 0.6520 0.4406 0.5944 0.9384
0.9094 0.6076 0.4270 0.6688 0.9597
0.8538 0.5659 0.4256 0.7420 0.9717
0.8001 0.5275 0.4403 0.8078 0.9758
0.7484 0.4930 0.4741 0.8630 0.9735
0.6990 0.4635 0.5269 0.9065 0.9665
0.6520 0.4406 0.5944 0.9384 0.9567
0.6076 0.4270 0.6688 0.9597 0.9466
0.5659 0.4256 0.7420 0.9717 0.9388
0.5275 0.4403 0.8078 0.9758 0.9365
0.4930 0.4741 0.8630 0.9735 0.9428
0.4635 0.5269 0.9065 0.9665 0.9600
0.4406 0.5944 0.9384 0.9567 0.9883
0.4270 0.6688 0.9597 0.9466 1.0249
0.4256 0.7420 0.9717 0.9388 1.0641
0.4403 0.8078 0.9758 0.9365 1.0987
0.4741 0.8630 0.9735 0.9428 1.1234
0.5269 0.9065 0.9665 0.9600 1.1371
0.5944 0.9384 0.9567 0.9883 1.1416
0.6688 0.9597 0.9466 1.0249 1.1402
0.7420 0.9717 0.9388 1.0641 1.1363
0.8078 0.9758 0.9365 1.0987 1.1326
0.8630 0.9735 0.9428 1.1234 1.1311
0.9065 0.9665 0.9600 1.1371 1.1328
0.9384 0.9567 0.9883 1.1416 1.1378
0.9597 0.9466 1.0249 1.1402 1.1452
0.9717 0.9388 1.0641 1.1363 1.1535
0.9758 0.9365 1.0987 1.1326 1.1602
0.9735 0.9428 1.1234 1.1311 1.1624
0.9665 0.9600 1.1371 1.1328 1.1562
0.9567 0.9883 1.1416 1.1378 1.1382
0.9466 1.0249 1.1402 1.1452 1.1071
0.9388 1.0641 1.1363 1.1535 1.0655
0.9365 1.0987 1.1326 1.1602 1.0181
0.9428 1.1234 1.1311 1.1624 0.9696
0.9600 1.1371 1.1328 1.1562 0.9234
0.9883 1.1416 1.1378 1.1382 0.8813
1.0249 1.1402 1.1452 1.1071 0.8440
1.0641 1.1363 1.1535 1.0655 0.8115
1.0987 1.1326 1.1602 1.0181 0.7827
1.1234 1.1311 1.1624 0.9696 0.7566
1.1371 1.1328 1.1562 0.9234 0.7320
1.1416 1.1378 1.1382 0.8813 0.7080
1.1402 1.1452 1.1071 0.8440 0.6840
1.1363 1.1535 1.0655 0.8115 0.6604
1.1326 1.1602 1.0181 0.7827 0.6378
1.1311 1.1624 0.9696 0.7566 0.6180
1.1328 1.1562 0.9234 0.7320 0.6033
1.1378 1.1382 0.8813 0.7080 0.5973
1.1452 1.1071 0.8440 0.6840 0.6040
1.1535 1.0655 0.8115 0.6604 0.6267
1.1602 1.0181 0.7827 0.6378 0.6656
1.1624 0.9696 0.7566 0.6180 0.7172
1.1562 0.9234 0.7320 0.6033 0.7759
1.1382 0.8813 0.7080 0.5973 0.8360
1.1071 0.8440 0.6840 0.6040 0.8933
1.0655 0.8115 0.6604 0.6267 0.9457
1.0181 0.7827 0.6378 0.6656 0.9921
0.9696 0.7566 0.6180 0.7172 1.0321
0.9234 0.7320 0.6033 0.7759 1.0658
0.8813 0.7080 0.5973 0.8360 1.0932
0.8440 0.6840 0.6040 0.8933 1.1145
0.8115 0.6604 0.6267 0.9457 1.1301
0.7827 0.6378 0.6656 0.9921 1.1407
0.7566 0.6180 0.7172 1.0321 1.1473
0.7320 0.6033 0.7759 1.0658 1.1515
0.7080 0.5973 0.8360 1.0932 1.1554
0.6840 0.6040 0.8933 1.1145 1.1616
0.6604 0.6267 0.9457 1.1301 1.1727
0.6378 0.6656 0.9921 1.1407 1.1897
0.6180 0.7172 1.0321 1.1473 1.2114
0.6033 0.7759 1.0658 1.1515 1.2333
0.5973 0.8360 1.0932 1.1554 1.2485
0.6040 0.8933 1.1145 1.1616 1.2507
0.6267 0.9457 1.1301 1.1727 1.2371
0.6656 0.9921 1.1407 1.1897 1.2087
0.7172 1.0321 1.1473 1.2114 1.1692
0.7759 1.0658 1.1515 1.2333 1.1225
0.8360 1.0932 1.1554 1.2485 1.0721
0.8933 1.1145 1.1616 1.2507 1.0209
0.9457 1.1301 1.1727 1.2371 0.9709
0.9921 1.1407 1.1897 1.2087 0.9233
1.0321 1.1473 1.2114 1.1692 0.8789
1.0658 1.1515 1.2333 1.1225 0.8377
1.0932 1.1554 1.2485 1.0721 0.7991
1.1145 1.1616 1.2507 1.0209 0.7621
1.1301 1.1727 1.2371 0.9709 0.7252
1.1407 1.1897 1.2087 0.9233 0.6877
1.1473 1.2114 1.1692 0.8789 0.6495
1.1515 1.2333 1.1225 0.8377 0.6119
1.1554 1.2485 1.0721 0.7991 0.5766
1.1616 1.2507 1.0209 0.7621 0.5457
1.1727 1.2371 0.9709 0.7252 0.5213
1.1897 1.2087 0.9233 0.6877 0.5062
1.2114 1.1692 0.8789 0.6495 0.5032
1.2333 1.1225 0.8377 0.6119 0.5156
1.2485 1.0721 0.7991 0.5766 0.5450
1.2507 1.0209 0.7621 0.5457 0.5910
1.2371 0.9709 0.7252 0.5213 0.6496
1.2087 0.9233 0.6877 0.5062 0.7150
1.1692 0.8789 0.6495 0.5032 0.7813
1.1225 0.8377 0.6119 0.5156 0.8442
1.0721 0.7991 0.5766 0.5450 0.9007
1.0209 0.7621 0.5457 0.5910 0.9493
0.9709 0.7252 0.5213 0.6496 0.9891
0.9233 0.6877 0.5062 0.7150 1.0196
0.8789 0.6495 0.5032 0.7813 1.0410
0.8377 0.6119 0.5156 0.8442 1.0540
0.7991 0.5766 0.5450 0.9007 1.0598
0.7621 0.5457 0.5910 0.9493 1.0599
0.7252 0.5213 0.6496 0.9891 1.0563
0.6877 0.5062 0.7150 1.0196 1.0515
0.6495 0.5032 0.7813 1.0410 1.0482
0.6119 0.5156 0.8442 1.0540 1.0492
0.5766 0.5450 0.9007 1.0598 1.0574
0.5457 0.5910 0.9493 1.0599 1.0742
0.5213 0.6496 0.9891 1.0563 1.0995
0.5062 0.7150 1.0196 1.0515 1.1299
0.5032 0.7813 1.0410 1.0482 1.1594
0.5156 0.8442 1.0540 1.0492 1.1803
0.5450 0.9007 1.0598 1.0574 1.1875
0.5910 0.9493 1.0599 1.0742 1.1799
0.6496 0.9891 1.0563 1.0995 1.1601
0.7150 1.0196 1.0515 1.1299 1.1325
0.7813 1.0410 1.0482 1.1594 1.1012
0.8442 1.0540 1.0492 1.1803 1.0695
0.9007 1.0598 1.0574 1.1875 1.0399
0.9493 1.0599 1.0742 1.1799 1.0139
0.9891 1.0563 1.0995 1.1601 0.9921
1.0196 1.0515 1.1299 1.1325 0.9739
1.0410 1.0482 1.1594 1.1012 0.9579
1.0540 1.0492 1.1803 1.0695 0.9416
1.0598 1.0574 1.1875 1.0399 0.9221
1.0599 1.0742 1.1799 1.0139 0.8968
1.0563 1.0995 1.1601 0.9921 0.8645
1.0515 1.1299 1.1325 0.9739 0.8266
1.0482 1.1594 1.1012 0.9579 0.7858
1.0492 1.1803 1.0695 0.9416 0.7458
1.0574 1.1875 1.0399 0.9221 0.7099
1.0742 1.1799 1.0139 0.8968 0.6808
1.0995 1.1601 0.9921 0.8645 0.6607
1.1299 1.1325 0.9739 0.8266 0.6513
1.1594 1.1012 0.9579 0.7858 0.6532
1.1803 1.0695 0.9416 0.7458 0.6661
1.1875 1.0399 0.9221 0.7099 0.6882
1.1799 1.0139 0.8968 0.6808 0.7173
1.1601 0.9921 0.8645 0.6607 0.7511
1.1325 0.9739 0.8266 0.6513 0.7877
1.1012 0.9579 0.7858 0.6532 0.8261
1.0695 0.9416 0.7458 0.6661 0.8664
1.0399 0.9221 0.7099 0.6882 0.9089
1.0139 0.8968 0.6808 0.7173 0.9535
0.9921 0.8645 0.6607 0.7511 0.9983
0.9739 0.8266 0.6513 0.7877 1.0407
0.9579 0.7858 0.6532 0.8261 1.0777
0.9416 0.7458 0.6661 0.8664 1.1078
0.9221 0.7099 0.6882 0.9089 1.1310
0.8968 0.6808 0.7173 0.9535 1.1484
0.8645 0.6607 0.7511 0.9983 1.1619
0.8266 0.6513 0.7877 1.0407 1.1736
0.7858 0.6532 0.8261 1.0777 1.1855
0.7458 0.6661 0.8664 1.1078 1.1991
0.7099 0.6882 0.9089 1.1310 1.2151
0.6808 0.7173 0.9535 1.1484 1.2332
0.6607 0.7511 0.9983 1.1619 1.2524
0.6513 0.7877 1.0407 1.1736 1.2706
0.6532 0.8261 1.0777 1.1855 1.2848
0.6661 0.8664 1.1078 1.1991 1.2915
0.6882 0.9089 1.1310 1.2151 1.2866
0.7173 0.9535 1.1484 1.2332 1.2673
0.7511 0.9983 1.1619 1.2524 1.2333
0.7877 1.0407 1.1736 1.2706 1.1875
0.8261 1.0777 1.1855 1.2848 1.1345
0.8664 1.1078 1.1991 1.2915 1.0781
0.9089 1.1310 1.2151 1.2866 1.0213
0.9535 1.1484 1.2332 1.2673 0.9659
0.9983 1.1619 1.2524 1.2333 0.9127
1.0407 1.1736 1.2706 1.1875 0.8618
1.0777 1.1855 1.2848 1.1345 0.8130
1.1078 1.1991 1.2915 1.0781 0.7659
1.1310 1.2151 1.2866 1.0213 0.7201
1.1484 1.2332 1.2673 0.9659 0.6756
1.1619 1.2524 1.2333 0.9127 0.6325
1.1736 1.2706 1.1875 0.8618 0.5915
1.1855 1.2848 1.1345 0.8130 0.5531
1.1991 1.2915 1.0781 0.7659 0.5184
1.2151 1.2866 1.0213 0.7201 0.4884
1.2332 1.2673 0.9659 0.6756 0.4652
1.2524 1.2333 0.9127 0.6325 0.4511
1.2706 1.1875 0.8618 0.5915 0.4495
1.2848 1.1345 0.8130 0.5531 0.4641
1.2915 1.0781 0.7659 0.5184 0.4974
1.2866 1.0213 0.7201 0.4884 0.5489
1.2673 0.9659 0.6756 0.4652 0.6139
1.2333 0.9127 0.6325 0.4511 0.6855
1.1875 0.8618 0.5915 0.4495 0.7565
1.1345 0.8130 0.5531 0.4641 0.8216
1.0781 0.7659 0.5184 0.4974 0.8776
1.0213 0.7201 0.4884 0.5489 0.9229
0.9659 0.6756 0.4652 0.6139 0.9574
0.9127 0.6325 0.4511 0.6855 0.9814
0.8618 0.5915 0.4495 0.7565 0.9961
0.8130 0.5531 0.4641 0.8216 1.0026
0.7659 0.5184 0.4974 0.8776 1.0025
0.7201 0.4884 0.5489 0.9229 0.9974
0.6756 0.4652 0.6139 0.9574 0.9893
0.6325 0.4511 0.6855 0.9814 0.9806
0.5915 0.4495 0.7565 0.9961 0.9741
0.5531 0.4641 0.8216 1.0026 0.9729
0.5184 0.4974 0.8776 1.0025 0.9800
0.4884 0.5489 0.9229 0.9974 0.9975
0.4652 0.6139 0.9574 0.9893 1.0251
0.4511 0.6855 0.9814 0.9806 1.0601
0.4495 0.7565 0.9961 0.9741 1.0963
0.4641 0.8216 1.0026 0.9729 1.1264
0.4974 0.8776 1.0025 0.9800 1.1452
0.5489 0.9229 0.9974 0.9975 1.1514
0.6139 0.9574 0.9893 1.0251 1.1475
0.6855 0.9814 0.9806 1.0601 1.1371
0.7565 0.9961 0.9741 1.0963 1.1239
0.8216 1.0026 0.9729 1.1264 1.1110
0.8776 1.0025 0.9800 1.1452 1.1004
0.9229 0.9974 0.9975 1.1514 1.0935
0.9574 0.9893 1.0251 1.1475 1.0905
0.9814 0.9806 1.0601 1.1371 1.0906
0.9961 0.9741 1.0963 1.1239 1.0920
1.0026 0.9729 1.1264 1.1110 1.0922
1.0025 0.9800 1.1452 1.1004 1.0876
0.9974 0.9975 1.1514 1.0935 1.0746
0.9893 1.0251 1.1475 1.0905 1.0506
0.9806 1.0601 1.1371 1.0906 1.0155
0.9741 1.0963 1.1239 1.0920 0.9727
0.9729 1.1264 1.1110 1.0922 0.9269
0.9800 1.1452 1.1004 1.0876 0.8821
0.9975 1.1514 1.0935 1.0746 0.8416
1.0251 1.1475 1.0905 1.0506 0.8070
1.0601 1.1371 1.0906 1.0155 0.7792
1.0963 1.1239 1.0920 0.9727 0.7580
1.1264 1.1110 1.0922 0.9269 0.7426
1.1452 1.1004 1.0876 0.8821 0.7314
1.1514 1.0935 1.0746 0.8416 0.7229
1.1475 1.0905 1.0506 0.8070 0.7156
1.1371 1.0906 1.0155 0.7792 0.7087
1.1239 1.0920 0.9727 0.7580 0.7020
1.1110 1.0922 0.9269 0.7426 0.6968
1.1004 1.0876 0.8821 0.7314 0.6952
1.0935 1.0746 0.8416 0.7229 0.7005
1.0905 1.0506 0.8070 0.7156 0.7168
1.0906 1.0155 0.7792 0.7087 0.7467
1.0920 0.9727 0.7580 0.7020 0.7895
1.0922 0.9269 0.7426 0.6968 0.8408
1.0876 0.8821 0.7314 0.6952 0.8948
1.0746 0.8416 0.7229 0.7005 0.9467
1.0506 0.8070 0.7156 0.7168 0.9939
1.0155 0.7792 0.7087 0.7467 1.0357
0.9727 0.7580 0.7020 0.7895 1.0721
0.9269 0.7426 0.6968 0.8408 1.1039
0.8821 0.7314 0.6952 0.8948 1.1317
0.8416 0.7229 0.7005 0.9467 1.1560
0.8070 0.7156 0.7168 0.9939 1.1770
0.7792 0.7087 0.7467 1.0357 1.1952
0.7580 0.7020 0.7895 1.0721 1.2109
0.7426 0.6968 0.8408 1.1039 1.2246
0.7314 0.6952 0.8948 1.1317 1.2373
0.7229 0.7005 0.9467 1.1560 1.2503
0.7156 0.7168 0.9939 1.1770 1.2647
0.7087 0.7467 1.0357 1.1952 1.2808
0.7020 0.7895 1.0721 1.2109 1.2959
0.6968 0.8408 1.1039 1.2246 1.3048
0.6952 0.8948 1.1317 1.2373 1.3014
0.7005 0.9467 1.1560 1.2503 1.2824
0.7168 0.9939 1.1770 1.2647 1.2488
0.7467 1.0357 1.1952 1.2808 1.2036
0.7895 1.0721 1.2109 1.2959 1.1506
0.8408 1.1039 1.2246 1.3048 1.0932
0.8948 1.1317 1.2373 1.3014 1.0337
0.9467 1.1560 1.2503 1.2824 0.9742
0.9939 1.1770 1.2647 1.2488 0.9159
1.0357 1.1952 1.2808 1.2036 0.8597
1.0721 1.2109 1.2959 1.1506 0.8061
1.1039 1.2246 1.3048 1.0932 0.7553
1.1317 1.2373 1.3014 1.0337 0.7073
1.1560 1.2503 1.2824 0.9742 0.6619
1.1770 1.2647 1.2488 0.9159 0.6188
1.1952 1.2808 1.2036 0.8597 0.5778
1.2109 1.2959 1.1506 0.8061 0.5394
1.2246 1.3048 1.0932 0.7553 0.5043
1.2373 1.3014 1.0337 0.7073 0.4740
1.2503 1.2824 0.9742 0.6619 0.4499
1.2647 1.2488 0.9159 0.6188 0.4344
1.2808 1.2036 0.8597 0.5778 0.4305
1.2959 1.1506 0.8061 0.5394 0.4420
1.3048 1.0932 0.7553 0.5043 0.4723
1.3014 1.0337 0.7073 0.4740 0.5223
1.2824 0.9742 0.6619 0.4499 0.5881
1.2488 0.9159 0.6188 0.4344 0.6620
1.2036 0.8597 0.5778 0.4305 0.7356
1.1506 0.8061 0.5394 0.4420 0.8023
1.0932 0.7553 0.5043 0.4723 0.8589
1.0337 0.7073 0.4740 0.5223 0.9041
0.9742 0.6619 0.4499 0.5881 0.9381
0.9159 0.6188 0.4344 0.6620 0.9615
0.8597 0.5778 0.4305 0.7356 0.9756
0.8061 0.5394 0.4420 0.8023 0.9815
0.7553 0.5043 0.4723 0.8589 0.9807
0.7073 0.4740 0.5223 0.9041 0.9748
0.6619 0.4499 0.5881 0.9381 0.9659
0.6188 0.4344 0.6620 0.9615 0.9560
0.5778 0.4305 0.7356 0.9756 0.9479
0.5394 0.4420 0.8023 0.9815 0.9447
0.5043 0.4723 0.8589 0.9807 0.9496
0.4740 0.5223 0.9041 0.9748 0.9651
0.4499 0.5881 0.9381 0.9659 0.9917
0.4344 0.6620 0.9615 0.9560 1.0272
0.4305 0.7356 0.9756 0.9479 1.0659
0.4420 0.8023 0.9815 0.9447 1.1006
0.4723 0.8589 0.9807 0.9496 1.1258
0.5223 0.9041 0.9748 0.9651 1.1395
0.5881 0.9381 0.9659 0.9917 1.1435
0.6620 0.9615 0.9560 1.0272 1.1409
0.7356 0.9756 0.9479 1.0659 1.1352
0.8023 0.9815 0.9447 1.1006 1.1292
0.8589 0.9807 0.9496 1.1258 1.1252
0.9041 0.9748 0.9651 1.1395 1.1244
0.9381 0.9659 0.9917 1.1435 1.1270
0.9615 0.9560 1.0272 1.1409 1.1325
0.9756 0.9479 1.0659 1.1352 1.1393
0.9815 0.9447 1.1006 1.1292 1.1450
0.9807 0.9496 1.1258 1.1252 1.1467
0.9748 0.9651 1.1395 1.1244 1.1405
0.9659 0.9917 1.1435 1.1270 1.1229