0.190862	0.321923	0.223388
0.321923	0.223388	0.243572
0.223388	0.243572	0.221511
0.243572	0.221511	0.263867
0.221511	0.263867	0.287148
0.263867	0.287148	0.107066
0.287148	0.107066	0.297722
0.107066	0.297722	0.263794
0.297722	0.263794	0.216854
0.263794	0.216854	0.313456
0.216854	0.313456	0.214119
0.313456	0.214119	0.359552
0.214119	0.359552	0.250941
0.359552	0.250941	0.218317
0.250941	0.218317	0.224720
0.218317	0.224720	0.231539
0.224720	0.231539	0.136589
0.231539	0.136589	0.319892
0.136589	0.319892	0.282347
0.319892	0.282347	0.282694
0.282347	0.282694	0.374433
0.282694	0.374433	0.320031
0.374433	0.320031	0.378961
0.320031	0.378961	0.387658
0.378961	0.387658	0.441211
0.387658	0.441211	0.342330
0.441211	0.342330	0.350888
0.342330	0.350888	0.205201
0.350888	0.205201	0.253604
0.205201	0.253604	0.178426
0.253604	0.178426	0.221894
0.178426	0.221894	0.334138
0.221894	0.334138	0.054881
0.334138	0.054881	0.202239
0.054881	0.202239	0.215519
0.202239	0.215519	0.168956
0.215519	0.168956	0.136767
0.168956	0.136767	0.122004
0.136767	0.122004	0.318106
0.122004	0.318106	0.055313
0.318106	0.055313	0.106524
0.055313	0.106524	0.202826
0.106524	0.202826	0.079433
0.202826	0.079433	0.180948
0.079433	0.180948	0.205119
0.180948	0.205119	0.254595
0.205119	0.254595	0.226080
0.254595	0.226080	0.298138
0.226080	0.298138	0.151837
0.298138	0.151837	0.218140
0.151837	0.218140	0.225424
0.218140	0.225424	0.227235
0.225424	0.227235	0.351209
0.227235	0.351209	0.424525
0.351209	0.424525	0.241281
0.424525	0.241281	0.165782
0.241281	0.165782	0.273820
0.165782	0.273820	0.201391
0.273820	0.201391	0.310422
0.201391	0.310422	0.287664
0.310422	0.287664	0.310382
0.287664	0.310382	0.155586
0.310382	0.155586	0.388469
0.155586	0.388469	0.244551
0.388469	0.244551	0.236661
0.244551	0.236661	0.150736
0.236661	0.150736	0.185189
0.150736	0.185189	0.157451
0.185189	0.157451	0.033548
0.157451	0.033548	0.206056
0.033548	0.206056	-0.004858
0.206056	-0.004858	0.137762
-0.004858	0.137762	0.190535
0.137762	0.190535	0.120818
0.190535	0.120818	0.200166
0.120818	0.200166	0.335204
0.200166	0.335204	0.054963
0.335204	0.054963	0.030053
0.054963	0.030053	0.101975
0.030053	0.101975	0.182498
0.101975	0.182498	0.042460
0.182498	0.042460	0.157472
0.042460	0.157472	-0.038513
0.157472	-0.038513	0.147418
-0.038513	0.147418	0.037737
0.147418	0.037737	0.248657
0.037737	0.248657	0.153776
0.248657	0.153776	0.112468
0.153776	0.112468	0.123087
0.112468	0.123087	0.150154
0.123087	0.150154	0.117486
0.150154	0.117486	0.006097
0.117486	0.006097	0.208729
0.006097	0.208729	-0.032127
0.208729	-0.032127	0.060094
-0.032127	0.060094	0.279698
0.060094	0.279698	0.177867
0.279698	0.177867	-0.030081
0.177867	-0.030081	0.050368
-0.030081	0.050368	0.071496
0.050368	0.071496	0.303402
0.071496	0.303402	0.141484
0.303402	0.141484	0.069103
0.141484	0.069103	-0.135467
0.069103	-0.135467	0.103967
-0.135467	0.103967	0.164123
0.103967	0.164123	0.026763
0.164123	0.026763	0.137473
0.026763	0.137473	0.214952
0.137473	0.214952	0.231398
0.214952	0.231398	0.096856
0.231398	0.096856	-0.016133
0.096856	-0.016133	-0.126587
-0.016133	-0.126587	0.016007
-0.126587	0.016007	0.105163
0.016007	0.105163	0.135115
0.105163	0.135115	0.029874
0.135115	0.029874	0.020268
0.029874	0.020268	0.120409
0.020268	0.120409	-0.023325
0.120409	-0.023325	0.073833
-0.023325	0.073833	0.022457
0.073833	0.022457	0.125133
0.022457	0.125133	0.005873
0.125133	0.005873	-0.185522
0.005873	-0.185522	0.031186
-0.185522	0.031186	-0.001139
0.031186	-0.001139	0.017349
-0.001139	0.017349	0.021051
0.017349	0.021051	-0.034097
0.021051	-0.034097	0.104745
-0.034097	0.104745	0.090510
0.104745	0.090510	0.064992
0.090510	0.064992	0.030469
0.064992	0.030469	0.019015
0.030469	0.019015	0.042388
0.019015	0.042388	0.044308
0.042388	0.044308	0.097706
0.044308	0.097706	0.008672
0.097706	0.008672	0.058161
0.008672	0.058161	-0.029508
0.058161	-0.029508	0.008907
-0.029508	0.008907	-0.027888
0.008907	-0.027888	0.064357
-0.027888	0.064357	0.048630
0.064357	0.048630	0.016689
0.048630	0.016689	0.116656
0.016689	0.116656	0.096942
0.116656	0.096942	-0.069319
0.096942	-0.069319	0.084467
-0.069319	0.084467	-0.007925
0.084467	-0.007925	-0.057929
-0.007925	-0.057929	-0.047905
-0.057929	-0.047905	0.033838
-0.047905	0.033838	-0.003813
0.033838	-0.003813	0.070036
-0.003813	0.070036	-0.006381
0.070036	-0.006381	0.070099
-0.006381	0.070099	0.143099
0.070099	0.143099	0.102818
0.143099	0.102818	0.081327
0.102818	0.081327	0.087578
0.081327	0.087578	0.094847
0.087578	0.094847	-0.030789
0.094847	-0.030789	0.175982
-0.030789	0.175982	0.078940
0.175982	0.078940	0.169512
0.078940	0.169512	0.111656
0.169512	0.111656	0.060613
0.111656	0.060613	0.024052
0.060613	0.024052	-0.033581
0.024052	-0.033581	-0.043082
-0.033581	-0.043082	0.094429
-0.043082	0.094429	0.082322
0.094429	0.082322	0.100580
0.082322	0.100580	-0.007019
0.100580	-0.007019	-0.109163
-0.007019	-0.109163	0.081746
-0.109163	0.081746	0.029053
0.081746	0.029053	0.033921
0.029053	0.033921	0.039308
0.033921	0.039308	0.001592
0.039308	0.001592	0.055702
0.001592	0.055702	-0.046118
0.055702	-0.046118	-0.143629
-0.046118	-0.143629	-0.012828
-0.143629	-0.012828	-0.067139
-0.012828	-0.067139	0.055123
-0.067139	0.055123	0.020086
0.055123	0.020086	0.148761
0.020086	0.148761	0.017046
0.148761	0.017046	0.081606
0.017046	0.081606	0.053468
0.081606	0.053468	0.066896
0.053468	0.066896	-0.011415
0.066896	-0.011415	0.064763
-0.011415	0.064763	-0.023077
0.064763	-0.023077	-0.047453
-0.023077	-0.047453	-0.096441
-0.047453	-0.096441	0.164473
-0.096441	0.164473	0.046950
0.164473	0.046950	-0.002942
0.046950	-0.002942	0.102677
-0.002942	0.102677	0.021546
0.102677	0.021546	-0.010271
0.021546	-0.010271	-0.005043
-0.010271	-0.005043	-0.027192
-0.005043	-0.027192	0.124866
-0.027192	0.124866	0.058853
0.124866	0.058853	0.073086
0.058853	0.073086	0.064263
0.073086	0.064263	0.073188
0.064263	0.073188	0.072065
0.073188	0.072065	-0.020268
0.072065	-0.020268	-0.069487
-0.020268	-0.069487	-0.010081
-0.069487	-0.010081	0.051842
-0.010081	0.051842	0.154587
0.051842	0.154587	0.111614
0.154587	0.111614	0.076271
0.111614	0.076271	0.015236
0.076271	0.015236	-0.067884
0.015236	-0.067884	-0.036507
-0.067884	-0.036507	0.062482
-0.036507	0.062482	0.125300
0.062482	0.125300	0.027990
0.125300	0.027990	0.250253
0.027990	0.250253	0.080714
0.250253	0.080714	0.111258
0.080714	0.111258	0.117559
0.111258	0.117559	0.137921
0.117559	0.137921	0.240349
0.137921	0.240349	0.068778
0.240349	0.068778	0.220628
0.068778	0.220628	0.063990
0.220628	0.063990	0.025693
0.063990	0.025693	0.021146
0.025693	0.021146	0.184932
0.021146	0.184932	0.294280
0.184932	0.294280	0.273968
0.294280	0.273968	0.174333
0.273968	0.174333	0.221046
0.174333	0.221046	0.237822
0.221046	0.237822	0.074578
0.237822	0.074578	0.183355
0.074578	0.183355	0.088026
0.183355	0.088026	0.157787
0.088026	0.157787	0.152372
0.157787	0.152372	0.251937
0.152372	0.251937	0.248990
0.251937	0.248990	0.137780
0.248990	0.137780	0.256466
0.137780	0.256466	0.241650
0.256466	0.241650	0.261211
0.241650	0.261211	0.158766
0.261211	0.158766	0.225439
0.158766	0.225439	0.269885
0.225439	0.269885	0.272785
0.269885	0.272785	0.141363
0.272785	0.141363	0.268027
0.141363	0.268027	0.423340
0.268027	0.423340	0.293344
0.423340	0.293344	0.461937
0.293344	0.461937	0.288655
0.461937	0.288655	0.288927
0.288655	0.288927	0.266881
0.288927	0.266881	0.276824
0.266881	0.276824	0.352280
0.276824	0.352280	0.275886
0.352280	0.275886	0.238836
0.275886	0.238836	0.118559
0.238836	0.118559	0.253605
0.118559	0.253605	0.327434
0.253605	0.327434	0.293130
0.327434	0.293130	0.320803
0.293130	0.320803	0.260323
0.320803	0.260323	0.199628
0.260323	0.199628	0.470923
0.199628	0.470923	0.369531
0.470923	0.369531	0.315615
0.369531	0.315615	0.354884
0.315615	0.354884	0.326590
0.354884	0.326590	0.283197
0.326590	0.283197	0.202988
0.283197	0.202988	0.231683
0.202988	0.231683	0.237192
0.231683	0.237192	0.299396
0.237192	0.299396	0.194840
0.299396	0.194840	0.120700
0.194840	0.120700	0.305286
0.120700	0.305286	0.212741
0.305286	0.212741	0.097805
0.212741	0.097805	0.177390
0.097805	0.177390	0.274111
0.177390	0.274111	0.340910
0.274111	0.340910	0.377628
0.340910	0.377628	0.251197
0.377628	0.251197	0.330289
0.251197	0.330289	0.330289
0.330289	0.330289	0.418751
0.330289	0.418751	0.468602
0.418751	0.468602	0.483369
0.468602	0.483369	0.486034
0.483369	0.486034	0.359682
0.486034	0.359682	0.406269
0.359682	0.406269	0.452516
0.406269	0.452516	0.430582
0.452516	0.430582	0.368257
0.430582	0.368257	0.388463
0.368257	0.388463	0.293870
0.388463	0.293870	0.256454
0.293870	0.256454	0.481702
0.256454	0.481702	0.366522
0.481702	0.366522	0.298982
0.366522	0.298982	0.333774
0.298982	0.333774	0.138371
0.333774	0.138371	0.431700
0.138371	0.431700	0.273453
0.431700	0.273453	0.413487
0.273453	0.413487	0.325544
0.413487	0.325544	0.258207
0.325544	0.258207	0.295653
0.258207	0.295653	0.262409
0.295653	0.262409	0.369059
0.262409	0.369059	0.302253
0.369059	0.302253	0.342848
0.302253	0.342848	0.250123
0.342848	0.250123	0.203875
0.250123	0.203875	0.273311
0.203875	0.273311	0.273604
0.273311	0.273604	0.318828
0.273604	0.318828	0.282440
0.318828	0.282440	0.189456
0.282440	0.189456	0.343478
0.189456	0.343478	0.411707
0.343478	0.411707	0.302646
0.411707	0.302646	0.348173
0.302646	0.348173	0.357219
0.348173	0.357219	0.391456
0.357219	0.391456	0.185039
0.391456	0.185039	0.502147
0.185039	0.502147	0.271479
0.502147	0.271479	0.271009
0.271479	0.271009	0.208762
0.271009	0.208762	0.271961
0.208762	0.271961	0.241979
0.271961	0.241979	0.330301
0.241979	0.330301	0.284109
0.330301	0.284109	0.238979
0.284109	0.238979	0.373254
0.238979	0.373254	0.448897
0.373254	0.448897	0.304025
0.448897	0.304025	0.359552
0.304025	0.359552	0.509127
0.359552	0.509127	0.397213
0.509127	0.397213	0.400316
0.397213	0.400316	0.269844
0.400316	0.269844	0.325500
0.269844	0.325500	0.320564
0.325500	0.320564	0.257966
0.320564	0.257966	0.251459
0.257966	0.251459	0.308223
0.251459	0.308223	0.198745
0.308223	0.198745	0.295478
0.198745	0.295478	0.179383
0.295478	0.179383	0.332460
0.179383	0.332460	0.164398
0.332460	0.164398	0.193088
0.164398	0.193088	0.190206
0.193088	0.190206	0.269876
0.190206	0.269876	0.339784
0.269876	0.339784	0.229923
0.339784	0.229923	0.228476
0.229923	0.228476	0.200924
0.228476	0.200924	0.240410
0.200924	0.240410	0.159656
0.240410	0.159656	0.259256
0.159656	0.259256	0.388332
0.259256	0.388332	0.185578
0.388332	0.185578	0.215615
0.185578	0.215615	0.284854
0.215615	0.284854	0.179568
0.284854	0.179568	0.261573
0.179568	0.261573	0.299931
0.261573	0.299931	0.268648
0.299931	0.268648	0.432253
0.268648	0.432253	0.227384
0.432253	0.227384	0.304020
0.227384	0.304020	0.331865
0.304020	0.331865	0.344259
0.331865	0.344259	0.207821
0.344259	0.207821	0.335727
0.207821	0.335727	0.202113
0.335727	0.202113	0.412412
0.202113	0.412412	0.286954
0.412412	0.286954	0.328756
0.286954	0.328756	0.402001
0.328756	0.402001	0.326431
0.402001	0.326431	0.287185
0.326431	0.287185	0.257206
0.287185	0.257206	0.295810
0.257206	0.295810	0.142486
0.295810	0.142486	0.492662
0.142486	0.492662	0.317954
0.492662	0.317954	0.228243
0.317954	0.228243	0.213739
0.228243	0.213739	0.229141
0.213739	0.229141	0.079958
0.229141	0.079958	0.318464
0.079958	0.318464	0.220536
0.318464	0.220536	0.211942
0.220536	0.211942	0.190344
0.211942	0.190344	0.071779
0.190344	0.071779	0.183765
0.071779	0.183765	0.156468
0.183765	0.156468	0.158374
0.156468	0.158374	0.046718
0.158374	0.046718	0.197795
0.046718	0.197795	0.144447
0.197795	0.144447	0.189719
0.144447	0.189719	0.265343
0.189719	0.265343	0.215717
0.265343	0.215717	0.036009
0.215717	0.036009	0.115078
0.036009	0.115078	0.090118
0.115078	0.090118	-0.006574
0.090118	-0.006574	0.239027
-0.006574	0.239027	0.085775
0.239027	0.085775	0.122659
0.085775	0.122659	0.035869
0.122659	0.035869	0.133353
0.035869	0.133353	0.254200
0.133353	0.254200	0.088995
0.254200	0.088995	0.213712
0.088995	0.213712	0.087441
0.213712	0.087441	0.148539
0.087441	0.148539	0.083735
0.148539	0.083735	0.164805
0.083735	0.164805	0.234228
0.164805	0.234228	0.042011
0.234228	0.042011	-0.012814
0.042011	-0.012814	0.189425
-0.012814	0.189425	0.032293
0.189425	0.032293	0.139946
0.032293	0.139946	0.139981
0.139946	0.139981	0.140482
0.139981	0.140482	0.109664
0.140482	0.109664	0.067556
0.109664	0.067556	0.122928
0.067556	0.122928	0.039700
0.122928	0.039700	0.065273
0.039700	0.065273	0.119143
0.065273	0.119143	0.120997
0.119143	0.120997	-0.022510
0.120997	-0.022510	-0.005410
-0.022510	-0.005410	0.126087
-0.005410	0.126087	0.185117
0.126087	0.185117	0.224003
0.185117	0.224003	-0.103919
0.224003	-0.103919	0.094798
-0.103919	0.094798	-0.068747
0.094798	-0.068747	0.092439
-0.068747	0.092439	0.014221
0.092439	0.014221	-0.023897
0.014221	-0.023897	0.225241
-0.023897	0.225241	0.025957
0.225241	0.025957	0.047671
0.025957	0.047671	0.145115
0.047671	0.145115	0.069254
0.145115	0.069254	0.121140
0.069254	0.121140	-0.004999
0.121140	-0.004999	0.074312
-0.004999	0.074312	-0.019466
0.074312	-0.019466	0.005390
-0.019466	0.005390	0.051222
0.005390	0.051222	0.071849
0.051222	0.071849	-0.015071
0.071849	-0.015071	0.213797
-0.015071	0.213797	0.025898
0.213797	0.025898	-0.068288
0.025898	-0.068288	0.025261
-0.068288	0.025261	0.048734
0.025261	0.048734	0.090525
0.048734	0.090525	-0.027111
0.090525	-0.027111	0.071502
-0.027111	0.071502	0.043306
0.071502	0.043306	0.051144
0.043306	0.051144	-0.123145
0.051144	-0.123145	-0.020194
-0.123145	-0.020194	-0.022148
-0.020194	-0.022148	-0.102766
-0.022148	-0.102766	-0.040952
-0.102766	-0.040952	0.017061
-0.040952	0.017061	-0.047571
0.017061	-0.047571	-0.028358
-0.047571	-0.028358	0.082316
-0.028358	0.082316	-0.058649
0.082316	-0.058649	0.030296
