15.7 13.5 13.6 14.0 14.6 13.0
13.5 13.6 14.0 14.6 12.9 15.7
13.6 14.0 14.6 12.9 10.0 13.5
14.0 14.6 12.9 10.0 13.9 13.6
14.6 12.9 10.0 13.9 13.2 14.0
12.9 10.0 13.9 13.2 13.1 14.6
10.0 13.9 13.2 13.1 15.4 12.9
13.9 13.2 13.1 15.4 14.7 10.0
13.2 13.1 15.4 14.7 17.2 13.9
13.1 15.4 14.7 17.2 13.9 13.2
6.8 9.6 16.3 11.6 7.3 5.2
9.6 16.3 11.6 7.3 3.7 6.8
16.3 11.6 7.3 3.7 10.4 9.6
11.6 7.3 3.7 10.4 10.1 16.3
7.3 3.7 10.4 10.1 7.2 11.6
3.7 10.4 10.1 7.2 9.8 7.3
10.4 10.1 7.2 9.8 12.6 3.7
10.1 7.2 9.8 12.6 14.6 10.4
7.2 9.8 12.6 14.6 10.5 10.1
9.8 12.6 14.6 10.5 5.3 7.2
12.6 14.6 10.5 5.3 3.0 9.8
10.5 10.0 7.2 4.5 5.8 10.7
10.0 7.2 4.5 5.8 8.7 10.5
7.2 4.5 5.8 8.7 9.4 10.0
4.5 5.8 8.7 9.4 9.1 7.2
5.8 8.7 9.4 9.1 13.4 4.5
8.7 9.4 9.1 13.4 8.9 5.8
9.4 9.1 13.4 8.9 9.5 8.7
9.1 13.4 8.9 9.5 10.2 9.4
13.4 8.9 9.5 10.2 11.1 9.1
8.9 9.5 10.2 11.1 12.3 13.4
6.6 6.6 6.7 5.8 3.8 9.0
6.6 6.7 5.8 3.8 5.8 6.6
6.7 5.8 3.8 5.8 7.8 6.6
5.8 3.8 5.8 7.8 7.3 6.7
3.8 5.8 7.8 7.3 10.5 5.8
5.8 7.8 7.3 10.5 7.0 3.8
7.8 7.3 10.5 7.0 5.6 5.8
7.3 10.5 7.0 5.6 7.6 7.8
10.5 7.0 5.6 7.6 7.6 7.3
7.0 5.6 7.6 7.6 7.1 10.5
5.6 7.6 7.6 7.1 8.4 7.0
7.6 7.6 7.1 8.4 8.1 5.6
7.6 7.1 8.4 8.1 7.5 7.6
6.1 8.8 8.8 8.0 4.0 8.6
8.8 8.8 8.0 4.0 7.0 6.1
8.8 8.0 4.0 7.0 6.3 8.8
8.0 4.0 7.0 6.3 4.2 8.8
4.0 7.0 6.3 4.2 6.2 8.0
7.0 6.3 4.2 6.2 7.4 4.0
6.3 4.2 6.2 7.4 5.5 7.0
21.5 16.7 13.3 16.2 20.0 25.0
16.7 13.3 16.2 20.0 21.8 21.5
13.3 16.2 20.0 21.8 17.4 16.7
16.2 20.0 21.8 17.4 15.8 13.3
20.0 21.8 17.4 15.8 15.8 16.2
21.8 17.4 15.8 15.8 15.8 20.0
17.4 15.8 15.8 15.8 14.6 21.8
15.8 15.8 15.8 14.6 18.8 17.4
15.8 15.8 14.6 18.8 17.9 15.8
15.8 14.6 18.8 17.9 20.7 15.8
11.7 10.6 11.3 11.8 14.7 14.2
10.6 11.3 11.8 14.7 12.2 11.7
11.3 11.8 14.7 12.2 11.8 10.6
11.8 14.7 12.2 11.8 16.1 11.3
14.7 12.2 11.8 16.1 16.3 11.8
12.2 11.8 16.1 16.3 11.4 14.7
11.8 16.1 16.3 11.4 14.3 12.2
16.1 16.3 11.4 14.3 13.3 11.8
16.3 11.4 14.3 13.3 16.0 16.1
11.4 14.3 13.3 16.0 17.0 16.3
14.3 13.3 16.0 17.0 18.6 11.4
13.3 16.0 17.0 18.6 17.8 14.3
16.0 17.0 18.6 17.8 21.2 13.3
17.0 18.6 17.8 21.2 17.5 16.0
18.6 17.8 21.2 17.5 16.9 17.0
4.4 3.8 6.3 4.3 2.7 7.1
3.8 6.3 4.3 2.7 6.1 4.4
6.3 4.3 2.7 6.1 9.2 3.8
4.3 2.7 6.1 9.2 11.4 6.3
2.7 6.1 9.2 11.4 10.4 4.3
6.1 9.2 11.4 10.4 7.7 2.7
9.2 11.4 10.4 7.7 5.7 6.1
11.4 10.4 7.7 5.7 11.0 9.2
10.4 7.7 5.7 11.0 4.6 11.4
7.7 5.7 11.0 4.6 3.5 10.4
5.7 11.0 4.6 3.5 2.5 7.7
11.0 4.6 3.5 2.5 7.1 5.7
4.6 3.5 2.5 7.1 5.7 11.0
3.5 2.5 7.1 5.7 11.2 4.6
2.5 7.1 5.7 11.2 9.8 3.5
7.1 5.7 11.2 9.8 10.6 2.5
5.7 11.2 9.8 10.6 11.6 7.1
11.2 9.8 10.6 11.6 12.8 5.7
9.8 10.6 11.6 12.8 11.8 11.2
10.6 11.6 12.8 11.8 11.4 9.8
11.6 12.8 11.8 11.4 11.2 10.6
12.8 11.8 11.4 11.2 11.0 11.6
11.8 11.4 11.2 11.0 12.6 12.8
6.9 10.6 7.0 13.2 9.0 9.5
10.6 7.0 13.2 9.0 9.2 6.9
7.0 13.2 9.0 9.2 13.9 10.6
13.2 9.0 9.2 13.9 15.1 7.0
9.0 9.2 13.9 15.1 10.2 13.2
9.2 13.9 15.1 10.2 8.0 9.0
13.9 15.1 10.2 8.0 10.6 9.2
15.1 10.2 8.0 10.6 10.0 13.9
10.2 8.0 10.6 10.0 8.7 15.1
8.0 10.6 10.0 8.7 7.9 10.2
10.6 10.0 8.7 7.9 9.8 8.0
10.0 8.7 7.9 9.8 5.8 10.6
8.7 7.9 9.8 5.8 7.5 10.0
6.3 7.1 8.4 6.9 7.3 0.6
7.1 8.4 6.9 7.3 8.5 6.3
8.4 6.9 7.3 8.5 7.7 7.1
6.9 7.3 8.5 7.7 7.1 8.4
7.3 8.5 7.7 7.1 10.1 6.9
8.5 7.7 7.1 10.1 7.8 7.3
7.7 7.1 10.1 7.8 6.6 8.5
7.1 10.1 7.8 6.6 8.8 7.7
10.1 7.8 6.6 8.8 10.0 7.1
7.8 6.6 8.8 10.0 6.5 10.1
6.6 8.8 10.0 6.5 4.2 7.8
8.8 10.0 6.5 4.2 8.2 6.6
10.0 6.5 4.2 8.2 8.2 8.8
6.5 4.2 8.2 8.2 5.7 10.0
4.2 8.2 8.2 5.7 5.9 6.5
8.2 8.2 5.7 5.9 4.4 4.2
8.2 5.7 5.9 4.4 5.5 8.2
5.7 5.9 4.4 5.5 4.3 8.2
5.9 4.4 5.5 4.3 10.1 5.7
4.4 5.5 4.3 10.1 11.6 5.9
5.5 4.3 10.1 11.6 13.4 4.4
4.3 10.1 11.6 13.4 11.2 5.5
10.1 11.6 13.4 11.2 8.1 4.3
11.6 13.4 11.2 8.1 5.5 10.1
13.4 11.2 8.1 5.5 5.4 11.6
11.2 8.1 5.5 5.4 7.3 13.4
8.1 5.5 5.4 7.3 9.5 11.2
5.5 5.4 7.3 9.5 5.5 8.1
5.4 7.3 9.5 5.5 8.5 5.5
7.3 9.5 5.5 8.5 7.5 5.4
9.5 5.5 8.5 7.5 6.9 7.3
5.5 8.5 7.5 6.9 7.6 9.5
8.5 7.5 6.9 7.6 4.5 5.5
7.5 6.9 7.6 4.5 7.8 8.5
6.9 7.6 4.5 7.8 10.8 7.5
7.6 4.5 7.8 10.8 9.8 6.9
4.5 7.8 10.8 9.8 6.7 7.6
7.8 10.8 9.8 6.7 11.3 4.5
10.8 9.8 6.7 11.3 13.4 7.8
9.8 6.7 11.3 13.4 12.1 10.8
6.7 11.3 13.4 12.1 11.0 9.8
11.3 13.4 12.1 11.0 10.4 6.7
13.4 12.1 11.0 10.4 9.0 11.3
12.1 11.0 10.4 9.0 15.4 13.4
11.0 10.4 9.0 15.4 13.6 12.1
10.4 9.0 15.4 13.6 10.6 11.0
9.0 15.4 13.6 10.6 8.0 10.4
15.4 13.6 10.6 8.0 10.1 9.0
13.6 10.6 8.0 10.1 9.4 15.4
16.0 15.8 11.8 14.4 13.6 11.8
15.8 11.8 14.4 13.6 11.6 16.0
11.8 14.4 13.6 11.6 10.7 15.8
14.4 13.6 11.6 10.7 14.8 11.8
13.6 11.6 10.7 14.8 14.6 14.4
11.6 10.7 14.8 14.6 15.3 13.6
10.7 14.8 14.6 15.3 17.4 11.6
14.8 14.6 15.3 17.4 15.8 10.7
14.6 15.3 17.4 15.8 13.8 14.8
15.3 17.4 15.8 13.8 15.3 14.6
17.4 15.8 13.8 15.3 13.5 15.3
15.8 13.8 15.3 13.5 15.3 17.4
13.8 15.3 13.5 15.3 11.8 15.8
15.3 13.5 15.3 11.8 13.5 13.8
13.5 15.3 11.8 13.5 15.0 15.3
15.3 11.8 13.5 15.0 13.8 13.5
11.8 13.5 15.0 13.8 15.2 15.3
13.5 15.0 13.8 15.2 12.8 11.8
15.0 13.8 15.2 12.8 13.1 13.5
13.8 15.2 12.8 13.1 11.6 15.0
15.2 12.8 13.1 11.6 14.6 13.8
12.8 13.1 11.6 14.6 16.1 15.2
13.1 11.6 14.6 16.1 12.2 12.8
11.6 14.6 16.1 12.2 12.5 13.1
14.6 16.1 12.2 12.5 15.2 11.6
16.1 12.2 12.5 15.2 14.4 14.6
12.2 12.5 15.2 14.4 13.8 16.1
12.5 15.2 14.4 13.8 11.9 12.2
15.2 14.4 13.8 11.9 15.4 12.5
14.4 13.8 11.9 15.4 13.1 15.2
13.8 11.9 15.4 13.1 12.6 14.4
11.9 15.4 13.1 12.6 13.7 13.8
15.4 13.1 12.6 13.7 12.6 11.9
13.1 12.6 13.7 12.6 10.6 15.4
12.6 13.7 12.6 10.6 13.8 13.1
13.7 12.6 10.6 13.8 12.9 12.6
12.6 10.6 13.8 12.9 14.4 13.7
10.6 13.8 12.9 14.4 16.3 12.6
13.8 12.9 14.4 16.3 12.0 10.6
12.9 14.4 16.3 12.0 10.8 13.8
14.4 16.3 12.0 10.8 11.5 12.9
16.3 12.0 10.8 11.5 13.3 14.4
12.0 10.8 11.5 13.3 13.2 16.3
10.8 11.5 13.3 13.2 13.1 12.0
11.5 13.3 13.2 13.1 12.0 10.8
13.3 13.2 13.1 12.0 13.7 11.5
13.2 13.1 12.0 13.7 15.0 13.3
13.1 12.0 13.7 15.0 14.2 13.2
12.0 13.7 15.0 14.2 13.3 13.1
13.7 15.0 14.2 13.3 12.7 12.0
15.0 14.2 13.3 12.7 12.1 13.7
14.2 13.3 12.7 12.1 13.6 15.0
13.3 12.7 12.1 13.6 13.7 14.2
12.7 12.1 13.6 13.7 13.6 13.3
12.1 13.6 13.7 13.6 13.5 12.7
13.6 13.7 13.6 13.5 14.1 12.1
13.7 13.6 13.5 14.1 15.8 13.6
13.6 13.5 14.1 15.8 14.7 13.7
13.5 14.1 15.8 14.7 16.6 13.6
14.1 15.8 14.7 16.6 16.4 13.5
15.8 14.7 16.6 16.4 18.2 14.1
14.7 16.6 16.4 18.2 14.6 15.8
16.6 16.4 18.2 14.6 16.1 14.7
16.4 18.2 14.6 16.1 16.4 16.6
18.2 14.6 16.1 16.4 15.0 16.4
14.6 16.1 16.4 15.0 15.2 18.2
16.1 16.4 15.0 15.2 12.3 14.6
16.4 15.0 15.2 12.3 12.8 16.1
15.0 15.2 12.3 12.8 12.5 16.4
15.2 12.3 12.8 12.5 13.7 15.0
12.3 12.8 12.5 13.7 14.0 15.2
12.8 12.5 13.7 14.0 16.0 12.3
12.5 13.7 14.0 16.0 16.2 12.8
13.7 14.0 16.0 16.2 13.7 12.5
14.0 16.0 16.2 13.7 8.8 13.7
16.0 16.2 13.7 8.8 10.1 14.0
16.2 13.7 8.8 10.1 10.5 16.0
13.7 8.8 10.1 10.5 13.2 16.2
8.8 10.1 10.5 13.2 11.3 13.7
10.1 10.5 13.2 11.3 12.2 8.8
10.5 13.2 11.3 12.2 12.0 10.1
13.2 11.3 12.2 12.0 9.6 10.5
11.3 12.2 12.0 9.6 10.0 13.2
12.2 12.0 9.6 10.0 21.0 11.3
12.0 9.6 10.0 21.0 15.5 12.2
9.6 10.0 21.0 15.5 14.0 12.0
10.0 21.0 15.5 14.0 14.4 9.6
21.0 15.5 14.0 14.4 13.2 10.0