0.592453 0.509434 0.513208 0.528302 0.550943 0.490566
0.509434 0.513208 0.528302 0.550943 0.486792 0.592453
0.513208 0.528302 0.550943 0.486792 0.377358 0.509434
0.528302 0.550943 0.486792 0.377358 0.524528 0.513208
0.550943 0.486792 0.377358 0.524528 0.498113 0.528302
0.486792 0.377358 0.524528 0.498113 0.494340 0.550943
0.377358 0.524528 0.498113 0.494340 0.581132 0.486792
0.524528 0.498113 0.494340 0.581132 0.554717 0.377358
0.498113 0.494340 0.581132 0.554717 0.649057 0.524528
0.494340 0.581132 0.554717 0.649057 0.524528 0.498113
0.581132 0.554717 0.649057 0.524528 0.513208 0.494340
0.554717 0.649057 0.524528 0.513208 0.505660 0.581132
0.649057 0.524528 0.513208 0.505660 0.471698 0.554717
0.524528 0.513208 0.505660 0.471698 0.430189 0.649057
0.513208 0.505660 0.471698 0.430189 0.528302 0.524528
0.505660 0.471698 0.430189 0.528302 0.418868 0.513208
0.471698 0.430189 0.528302 0.418868 0.415094 0.505660
0.430189 0.528302 0.418868 0.415094 0.532075 0.471698
0.528302 0.418868 0.415094 0.532075 0.584906 0.430189
0.418868 0.415094 0.532075 0.584906 0.732075 0.528302
0.415094 0.532075 0.584906 0.732075 0.762264 0.418868
0.532075 0.584906 0.732075 0.762264 0.773585 0.415094
0.584906 0.732075 0.762264 0.773585 0.652830 0.532075
0.732075 0.762264 0.773585 0.652830 0.611321 0.584906
0.762264 0.773585 0.652830 0.611321 0.498113 0.732075
0.773585 0.652830 0.611321 0.498113 0.501887 0.762264
0.652830 0.611321 0.498113 0.501887 0.479245 0.773585
0.611321 0.498113 0.501887 0.479245 0.554717 0.652830
0.498113 0.501887 0.479245 0.554717 0.554717 0.611321
0.501887 0.479245 0.554717 0.554717 0.332075 0.498113
0.479245 0.554717 0.554717 0.332075 0.486792 0.501887
0.554717 0.554717 0.332075 0.486792 0.490566 0.479245
0.554717 0.332075 0.486792 0.490566 0.418868 0.554717
0.332075 0.486792 0.490566 0.418868 0.396226 0.554717
0.486792 0.490566 0.418868 0.396226 0.460377 0.332075
0.490566 0.418868 0.396226 0.460377 0.566038 0.486792
0.418868 0.396226 0.460377 0.566038 0.313208 0.490566
0.396226 0.460377 0.566038 0.313208 0.373585 0.418868
0.460377 0.566038 0.313208 0.373585 0.403774 0.396226
0.566038 0.313208 0.373585 0.403774 0.332075 0.460377
0.313208 0.373585 0.403774 0.332075 0.464151 0.566038
0.373585 0.403774 0.332075 0.464151 0.498113 0.313208
0.403774 0.332075 0.464151 0.498113 0.550943 0.373585
0.332075 0.464151 0.498113 0.550943 0.520755 0.403774
0.464151 0.498113 0.550943 0.520755 0.475472 0.332075
0.498113 0.550943 0.520755 0.475472 0.324528 0.464151
0.550943 0.520755 0.475472 0.324528 0.433962 0.498113
0.520755 0.475472 0.324528 0.433962 0.494340 0.550943
0.475472 0.324528 0.433962 0.494340 0.581132 0.520755
0.324528 0.433962 0.494340 0.581132 0.724528 0.475472
0.433962 0.494340 0.581132 0.724528 0.690566 0.324528
0.494340 0.581132 0.724528 0.690566 0.471698 0.433962
0.581132 0.724528 0.690566 0.471698 0.418868 0.494340
0.724528 0.690566 0.471698 0.418868 0.490566 0.581132
0.690566 0.471698 0.418868 0.490566 0.445283 0.724528
0.471698 0.418868 0.490566 0.445283 0.581132 0.690566
0.418868 0.490566 0.445283 0.581132 0.558491 0.471698
0.490566 0.445283 0.581132 0.558491 0.562264 0.418868
0.445283 0.581132 0.558491 0.562264 0.513208 0.490566
0.581132 0.558491 0.562264 0.513208 0.694340 0.445283
0.558491 0.562264 0.513208 0.694340 0.543396 0.581132
0.562264 0.513208 0.694340 0.543396 0.501887 0.558491
0.513208 0.694340 0.543396 0.501887 0.437736 0.562264
0.694340 0.543396 0.501887 0.437736 0.467925 0.513208
0.543396 0.501887 0.437736 0.467925 0.411321 0.694340
0.501887 0.437736 0.467925 0.411321 0.339623 0.543396
0.437736 0.467925 0.411321 0.339623 0.411321 0.501887
0.467925 0.411321 0.339623 0.411321 0.241509 0.437736
0.411321 0.339623 0.411321 0.241509 0.411321 0.467925
0.339623 0.411321 0.241509 0.411321 0.426415 0.411321
0.411321 0.241509 0.411321 0.426415 0.396226 0.339623
0.241509 0.411321 0.426415 0.396226 0.550943 0.411321
0.411321 0.426415 0.396226 0.550943 0.596226 0.241509
0.426415 0.396226 0.550943 0.596226 0.290566 0.411321
0.396226 0.550943 0.596226 0.290566 0.283019 0.426415
0.550943 0.596226 0.290566 0.283019 0.388679 0.396226
0.596226 0.290566 0.283019 0.388679 0.445283 0.550943
0.290566 0.283019 0.388679 0.445283 0.347170 0.596226
0.283019 0.388679 0.445283 0.347170 0.369811 0.290566
0.388679 0.445283 0.347170 0.369811 0.226415 0.283019
0.445283 0.347170 0.369811 0.226415 0.369811 0.388679
0.347170 0.369811 0.226415 0.369811 0.347170 0.445283
0.369811 0.226415 0.369811 0.347170 0.528302 0.347170
0.226415 0.369811 0.347170 0.528302 0.415094 0.369811
0.369811 0.347170 0.528302 0.415094 0.373585 0.226415
0.347170 0.528302 0.415094 0.373585 0.396226 0.369811
0.528302 0.415094 0.373585 0.396226 0.426415 0.347170
0.415094 0.373585 0.396226 0.426415 0.377358 0.528302
0.373585 0.396226 0.426415 0.377358 0.328302 0.415094
0.396226 0.426415 0.377358 0.328302 0.418868 0.373585
0.426415 0.377358 0.328302 0.418868 0.173585 0.396226
0.377358 0.328302 0.418868 0.173585 0.369811 0.426415
0.328302 0.418868 0.173585 0.369811 0.615094 0.377358
0.418868 0.173585 0.369811 0.615094 0.400000 0.328302
0.173585 0.369811 0.615094 0.400000 0.196226 0.418868
0.369811 0.615094 0.400000 0.196226 0.256604 0.173585
0.615094 0.400000 0.196226 0.256604 0.362264 0.369811
0.400000 0.196226 0.256604 0.362264 0.615094 0.615094
0.196226 0.256604 0.362264 0.615094 0.437736 0.400000
0.256604 0.362264 0.615094 0.437736 0.275472 0.196226
0.362264 0.615094 0.437736 0.275472 0.139623 0.256604
0.615094 0.437736 0.275472 0.139623 0.392453 0.362264
0.437736 0.275472 0.139623 0.392453 0.381132 0.615094
0.275472 0.139623 0.392453 0.381132 0.271698 0.437736
0.139623 0.392453 0.381132 0.271698 0.369811 0.275472
0.392453 0.381132 0.271698 0.369811 0.475472 0.139623
0.381132 0.271698 0.369811 0.475472 0.550943 0.392453
0.271698 0.369811 0.475472 0.550943 0.396226 0.381132
0.369811 0.475472 0.550943 0.396226 0.200000 0.271698
0.475472 0.550943 0.396226 0.200000 0.113208 0.369811
0.550943 0.396226 0.200000 0.113208 0.283019 0.475472
0.396226 0.200000 0.113208 0.283019 0.388679 0.550943
0.200000 0.113208 0.283019 0.388679 0.392453 0.396226
0.113208 0.283019 0.388679 0.392453 0.286792 0.200000
0.283019 0.388679 0.392453 0.286792 0.324528 0.113208
0.388679 0.392453 0.286792 0.324528 0.358491 0.283019
0.392453 0.286792 0.324528 0.358491 0.226415 0.388679
0.286792 0.324528 0.358491 0.226415 0.298113 0.392453
0.324528 0.358491 0.226415 0.298113 0.324528 0.286792
0.358491 0.226415 0.298113 0.324528 0.437736 0.324528
0.226415 0.298113 0.324528 0.437736 0.222642 0.358491
0.298113 0.324528 0.437736 0.222642 0.079245 0.226415
0.324528 0.437736 0.222642 0.079245 0.301887 0.298113
0.437736 0.222642 0.079245 0.301887 0.279245 0.324528
0.222642 0.079245 0.301887 0.279245 0.286792 0.437736
0.079245 0.301887 0.279245 0.286792 0.249057 0.222642
0.301887 0.279245 0.286792 0.249057 0.230189 0.079245
0.279245 0.286792 0.249057 0.230189 0.373585 0.301887
0.286792 0.249057 0.230189 0.373585 0.366038 0.279245
0.249057 0.230189 0.373585 0.366038 0.335849 0.286792
0.230189 0.373585 0.366038 0.335849 0.290566 0.249057
0.373585 0.366038 0.335849 0.290566 0.279245 0.230189
0.366038 0.335849 0.290566 0.279245 0.294340 0.373585
0.335849 0.290566 0.279245 0.294340 0.316981 0.366038
0.290566 0.279245 0.294340 0.316981 0.350943 0.335849
0.279245 0.294340 0.316981 0.350943 0.294340 0.290566
0.294340 0.316981 0.350943 0.294340 0.320755 0.279245
0.316981 0.350943 0.294340 0.320755 0.241509 0.294340
0.350943 0.294340 0.320755 0.241509 0.260377 0.316981
0.294340 0.320755 0.241509 0.260377 0.245283 0.350943
0.320755 0.241509 0.260377 0.245283 0.324528 0.294340
0.241509 0.260377 0.245283 0.324528 0.290566 0.320755
0.260377 0.245283 0.324528 0.290566 0.294340 0.241509
0.245283 0.324528 0.290566 0.294340 0.400000 0.260377
0.324528 0.290566 0.294340 0.400000 0.324528 0.245283
0.290566 0.294340 0.400000 0.324528 0.215094 0.324528
0.294340 0.400000 0.324528 0.215094 0.369811 0.290566
0.400000 0.324528 0.215094 0.369811 0.256604 0.294340
0.324528 0.215094 0.369811 0.256604 0.188679 0.400000
0.215094 0.369811 0.256604 0.188679 0.226415 0.324528
0.369811 0.256604 0.188679 0.226415 0.298113 0.215094
0.256604 0.188679 0.226415 0.298113 0.275472 0.369811
0.188679 0.226415 0.298113 0.275472 0.305660 0.256604
0.226415 0.298113 0.275472 0.305660 0.245283 0.188679
0.298113 0.275472 0.305660 0.245283 0.347170 0.226415
0.275472 0.305660 0.245283 0.347170 0.407547 0.298113
0.305660 0.245283 0.347170 0.407547 0.369811 0.275472
0.245283 0.347170 0.407547 0.369811 0.362264 0.305660
0.347170 0.407547 0.369811 0.362264 0.366038 0.245283
0.407547 0.369811 0.362264 0.366038 0.313208 0.347170
0.369811 0.362264 0.366038 0.313208 0.256604 0.407547
0.362264 0.366038 0.313208 0.256604 0.422642 0.369811
0.366038 0.313208 0.256604 0.422642 0.343396 0.362264
0.313208 0.256604 0.422642 0.343396 0.422642 0.366038
0.256604 0.422642 0.343396 0.422642 0.392453 0.313208
0.422642 0.343396 0.422642 0.392453 0.362264 0.256604
0.343396 0.422642 0.392453 0.362264 0.286792 0.422642
0.422642 0.392453 0.362264 0.286792 0.188679 0.343396
0.392453 0.362264 0.286792 0.188679 0.203774 0.422642
0.362264 0.286792 0.188679 0.203774 0.350943 0.392453
0.286792 0.188679 0.203774 0.350943 0.384906 0.362264
0.188679 0.203774 0.350943 0.384906 0.384906 0.286792
0.203774 0.350943 0.384906 0.384906 0.215094 0.188679
0.350943 0.384906 0.384906 0.215094 0.166038 0.203774
0.384906 0.384906 0.215094 0.166038 0.350943 0.350943
0.384906 0.215094 0.166038 0.350943 0.290566 0.384906
0.215094 0.166038 0.350943 0.290566 0.290566 0.384906
0.166038 0.350943 0.290566 0.290566 0.275472 0.215094
0.350943 0.290566 0.290566 0.275472 0.279245 0.166038
0.290566 0.290566 0.275472 0.279245 0.354717 0.350943
0.290566 0.275472 0.279245 0.354717 0.211321 0.290566
0.275472 0.279245 0.354717 0.211321 0.139623 0.290566
0.279245 0.354717 0.211321 0.139623 0.222642 0.275472
0.354717 0.211321 0.139623 0.222642 0.196226 0.279245
0.211321 0.139623 0.222642 0.196226 0.298113 0.354717
0.139623 0.222642 0.196226 0.298113 0.309434 0.211321
0.222642 0.196226 0.298113 0.309434 0.400000 0.139623
0.196226 0.298113 0.309434 0.400000 0.290566 0.222642
0.298113 0.309434 0.400000 0.290566 0.343396 0.196226
0.309434 0.400000 0.290566 0.343396 0.313208 0.298113
0.400000 0.290566 0.343396 0.313208 0.305660 0.309434
0.290566 0.343396 0.313208 0.305660 0.290566 0.400000
0.343396 0.313208 0.305660 0.290566 0.350943 0.290566
0.313208 0.305660 0.290566 0.350943 0.241509 0.343396
0.305660 0.290566 0.350943 0.241509 0.166038 0.313208
0.290566 0.350943 0.241509 0.166038 0.203774 0.305660
0.350943 0.241509 0.166038 0.203774 0.430189 0.290566
0.241509 0.166038 0.203774 0.430189 0.279245 0.350943
0.166038 0.203774 0.430189 0.279245 0.271698 0.241509
0.203774 0.430189 0.279245 0.271698 0.388679 0.166038
0.430189 0.279245 0.271698 0.388679 0.294340 0.203774
0.279245 0.271698 0.388679 0.294340 0.249057 0.430189
0.271698 0.388679 0.294340 0.249057 0.226415 0.279245
0.388679 0.294340 0.249057 0.226415 0.256604 0.271698
0.294340 0.249057 0.226415 0.256604 0.392453 0.388679
0.249057 0.226415 0.256604 0.392453 0.320755 0.294340
0.226415 0.256604 0.392453 0.320755 0.316981 0.249057
0.256604 0.392453 0.320755 0.316981 0.309434 0.226415
0.392453 0.320755 0.316981 0.309434 0.366038 0.256604
0.320755 0.316981 0.309434 0.366038 0.369811 0.392453
0.316981 0.309434 0.366038 0.369811 0.230189 0.320755
0.309434 0.366038 0.369811 0.230189 0.169811 0.316981
0.366038 0.369811 0.230189 0.169811 0.230189 0.309434
0.369811 0.230189 0.169811 0.230189 0.309434 0.366038
0.230189 0.169811 0.230189 0.309434 0.403774 0.369811
0.169811 0.230189 0.309434 0.403774 0.396226 0.230189
0.230189 0.309434 0.403774 0.396226 0.377358 0.169811
0.309434 0.403774 0.396226 0.377358 0.271698 0.230189
0.403774 0.396226 0.377358 0.271698 0.169811 0.309434
0.396226 0.377358 0.271698 0.169811 0.218868 0.403774
0.377358 0.271698 0.169811 0.218868 0.328302 0.396226
0.271698 0.169811 0.218868 0.328302 0.354717 0.377358
0.169811 0.218868 0.328302 0.354717 0.343396 0.271698
0.218868 0.328302 0.354717 0.343396 0.505660 0.169811
0.328302 0.354717 0.343396 0.505660 0.335849 0.218868
0.354717 0.343396 0.505660 0.335849 0.358491 0.328302
0.343396 0.505660 0.335849 0.358491 0.384906 0.354717
0.505660 0.335849 0.358491 0.384906 0.418868 0.343396
0.335849 0.358491 0.384906 0.418868 0.464151 0.505660
0.358491 0.384906 0.418868 0.464151 0.400000 0.335849
0.384906 0.418868 0.464151 0.400000 0.516981 0.358491
0.418868 0.464151 0.400000 0.516981 0.260377 0.384906
0.464151 0.400000 0.516981 0.260377 0.184906 0.418868
0.400000 0.516981 0.260377 0.184906 0.264151 0.464151
0.516981 0.260377 0.184906 0.264151 0.501887 0.400000
0.260377 0.184906 0.264151 0.501887 0.603774 0.516981
0.184906 0.264151 0.501887 0.603774 0.539623 0.260377
0.264151 0.501887 0.603774 0.539623 0.475472 0.184906
0.501887 0.603774 0.539623 0.475472 0.524528 0.264151
0.603774 0.539623 0.475472 0.524528 0.490566 0.501887
0.539623 0.475472 0.524528 0.490566 0.358491 0.603774
0.475472 0.524528 0.490566 0.358491 0.418868 0.539623
0.524528 0.490566 0.358491 0.418868 0.335849 0.475472
0.490566 0.358491 0.418868 0.335849 0.392453 0.524528
0.358491 0.418868 0.335849 0.392453 0.433962 0.490566
0.418868 0.335849 0.392453 0.433962 0.516981 0.358491
0.335849 0.392453 0.433962 0.516981 0.479245 0.418868
0.392453 0.433962 0.516981 0.479245 0.422642 0.335849
0.433962 0.516981 0.479245 0.422642 0.554717 0.392453
0.516981 0.479245 0.422642 0.554717 0.547170 0.433962
0.479245 0.422642 0.554717 0.547170 0.520755 0.516981
0.422642 0.554717 0.547170 0.520755 0.433962 0.479245
0.554717 0.547170 0.520755 0.433962 0.498113 0.422642
0.547170 0.520755 0.433962 0.498113 0.475472 0.554717
0.520755 0.433962 0.498113 0.475472 0.384906 0.547170
0.433962 0.498113 0.475472 0.384906 0.373585 0.520755
0.498113 0.475472 0.384906 0.373585 0.569811 0.433962
0.475472 0.384906 0.373585 0.569811 0.694340 0.498113
0.384906 0.373585 0.569811 0.694340 0.618868 0.475472
0.373585 0.569811 0.694340 0.618868 0.698113 0.384906
0.569811 0.694340 0.618868 0.698113 0.554717 0.373585
0.694340 0.618868 0.698113 0.554717 0.569811 0.569811
0.618868 0.698113 0.554717 0.569811 0.573585 0.694340
0.698113 0.554717 0.569811 0.573585 0.596226 0.618868
0.554717 0.569811 0.573585 0.596226 0.641509 0.698113
0.569811 0.573585 0.596226 0.641509 0.535849 0.554717
0.573585 0.596226 0.641509 0.535849 0.460377 0.569811
0.596226 0.641509 0.535849 0.460377 0.415094 0.573585
0.641509 0.535849 0.460377 0.415094 0.554717 0.596226
0.535849 0.460377 0.415094 0.554717 0.577358 0.641509
0.460377 0.415094 0.554717 0.577358 0.501887 0.535849
0.415094 0.554717 0.577358 0.501887 0.449057 0.460377
0.554717 0.577358 0.501887 0.449057 0.411321 0.415094
0.577358 0.501887 0.449057 0.411321 0.535849 0.554717
0.501887 0.449057 0.411321 0.535849 0.777358 0.577358
0.449057 0.411321 0.535849 0.777358 0.679245 0.501887
0.411321 0.535849 0.777358 0.679245 0.637736 0.449057
0.535849 0.777358 0.679245 0.637736 0.656604 0.411321
0.777358 0.679245 0.637736 0.656604 0.603774 0.535849
0.679245 0.637736 0.656604 0.603774 0.539623 0.777358
0.637736 0.656604 0.603774 0.539623 0.471698 0.679245
0.656604 0.603774 0.539623 0.471698 0.513208 0.637736
0.603774 0.539623 0.471698 0.513208 0.566038 0.656604
0.539623 0.471698 0.513208 0.566038 0.569811 0.603774
0.471698 0.513208 0.566038 0.569811 0.437736 0.539623
0.513208 0.566038 0.569811 0.437736 0.437736 0.471698
0.566038 0.569811 0.437736 0.437736 0.566038 0.513208
0.569811 0.437736 0.437736 0.566038 0.415094 0.566038
0.437736 0.437736 0.566038 0.415094 0.347170 0.569811
0.437736 0.566038 0.415094 0.347170 0.456604 0.437736
0.566038 0.415094 0.347170 0.456604 0.566038 0.437736
0.415094 0.347170 0.456604 0.566038 0.577358 0.566038
0.347170 0.456604 0.566038 0.577358 0.490566 0.415094
0.456604 0.566038 0.577358 0.490566 0.388679 0.347170
0.566038 0.577358 0.490566 0.388679 0.535849 0.456604
0.577358 0.490566 0.388679 0.535849 0.649057 0.566038
0.490566 0.388679 0.535849 0.649057 0.728302 0.577358
0.388679 0.535849 0.649057 0.728302 0.747170 0.490566
0.535849 0.649057 0.728302 0.747170 0.716981 0.388679
0.649057 0.728302 0.747170 0.716981 0.652830 0.535849
0.649057 0.728302 0.747170 0.716981 0.652830 0.535849
0.728302 0.747170 0.716981 0.652830 0.728302 0.649057
0.747170 0.716981 0.652830 0.728302 0.720755 0.728302
0.716981 0.652830 0.728302 0.720755 0.652830 0.747170
0.652830 0.728302 0.720755 0.652830 0.622642 0.716981
0.728302 0.720755 0.652830 0.622642 0.622642 0.652830
0.720755 0.652830 0.622642 0.622642 0.573585 0.728302
0.652830 0.622642 0.622642 0.573585 0.641509 0.720755
0.622642 0.622642 0.573585 0.641509 0.754717 0.652830
0.622642 0.573585 0.641509 0.754717 0.615094 0.622642
0.573585 0.641509 0.754717 0.615094 0.516981 0.622642
0.641509 0.754717 0.615094 0.516981 0.528302 0.573585
0.754717 0.615094 0.516981 0.528302 0.479245 0.641509
0.615094 0.516981 0.528302 0.479245 0.701887 0.754717
0.516981 0.528302 0.479245 0.701887 0.592453 0.615094
0.528302 0.479245 0.701887 0.592453 0.652830 0.516981
0.479245 0.701887 0.592453 0.652830 0.532075 0.528302
0.701887 0.592453 0.652830 0.532075 0.490566 0.479245
0.592453 0.652830 0.532075 0.490566 0.566038 0.701887
0.652830 0.532075 0.490566 0.566038 0.588679 0.592453
0.532075 0.490566 0.566038 0.588679 0.664151 0.652830
0.490566 0.566038 0.588679 0.664151 0.607547 0.532075
0.566038 0.588679 0.664151 0.607547 0.600000 0.490566
0.588679 0.664151 0.607547 0.600000 0.505660 0.566038
0.664151 0.607547 0.600000 0.505660 0.486792 0.588679
0.607547 0.600000 0.505660 0.486792 0.543396 0.664151
0.600000 0.505660 0.486792 0.543396 0.558491 0.607547
0.505660 0.486792 0.543396 0.558491 0.558491 0.600000
0.486792 0.543396 0.558491 0.558491 0.460377 0.505660
0.543396 0.558491 0.558491 0.460377 0.452830 0.486792
0.558491 0.558491 0.460377 0.452830 0.607547 0.543396
0.558491 0.460377 0.452830 0.607547 0.618868 0.558491
0.460377 0.452830 0.607547 0.618868 0.513208 0.558491
0.452830 0.607547 0.618868 0.513208 0.637736 0.460377
0.607547 0.618868 0.513208 0.637736 0.637736 0.452830
0.618868 0.513208 0.637736 0.637736 0.645283 0.607547
0.513208 0.637736 0.637736 0.645283 0.566038 0.618868
0.637736 0.637736 0.645283 0.566038 0.773585 0.513208
0.637736 0.645283 0.566038 0.773585 0.539623 0.637736
0.645283 0.566038 0.773585 0.539623 0.539623 0.637736
0.566038 0.773585 0.539623 0.539623 0.501887 0.645283
0.773585 0.539623 0.539623 0.501887 0.547170 0.566038
0.539623 0.539623 0.501887 0.547170 0.547170 0.773585
0.539623 0.501887 0.547170 0.547170 0.566038 0.539623
0.501887 0.547170 0.547170 0.566038 0.433962 0.539623
0.547170 0.547170 0.566038 0.433962 0.403774 0.501887
0.547170 0.566038 0.433962 0.403774 0.554717 0.547170
0.566038 0.433962 0.403774 0.554717 0.596226 0.547170
0.433962 0.403774 0.554717 0.596226 0.584906 0.566038
0.403774 0.554717 0.596226 0.584906 0.716981 0.433962
0.554717 0.596226 0.584906 0.716981 0.833962 0.403774
0.596226 0.584906 0.716981 0.833962 0.709434 0.554717
0.584906 0.716981 0.833962 0.709434 0.656604 0.596226
0.716981 0.833962 0.709434 0.656604 0.558491 0.584906
0.833962 0.709434 0.656604 0.558491 0.618868 0.716981
0.709434 0.656604 0.558491 0.618868 0.577358 0.833962
0.656604 0.558491 0.618868 0.577358 0.539623 0.709434
0.558491 0.618868 0.577358 0.539623 0.547170 0.656604
0.618868 0.577358 0.539623 0.547170 0.588679 0.558491
0.577358 0.539623 0.547170 0.588679 0.501887 0.618868
0.539623 0.547170 0.588679 0.501887 0.558491 0.577358
0.547170 0.588679 0.501887 0.558491 0.479245 0.539623
0.588679 0.501887 0.558491 0.479245 0.543396 0.547170
0.501887 0.558491 0.479245 0.543396 0.392453 0.588679
0.558491 0.479245 0.543396 0.392453 0.441509 0.501887
0.479245 0.543396 0.392453 0.441509 0.501887 0.558491
0.543396 0.392453 0.441509 0.501887 0.603774 0.479245
0.392453 0.441509 0.501887 0.603774 0.618868 0.543396
0.441509 0.501887 0.603774 0.618868 0.479245 0.392453
0.501887 0.603774 0.618868 0.479245 0.452830 0.441509
0.603774 0.618868 0.479245 0.452830 0.445283 0.501887
0.618868 0.479245 0.452830 0.445283 0.464151 0.603774
0.479245 0.452830 0.445283 0.464151 0.475472 0.618868
0.452830 0.445283 0.464151 0.475472 0.618868 0.479245
0.445283 0.464151 0.475472 0.618868 0.652830 0.452830
0.464151 0.475472 0.618868 0.652830 0.456604 0.445283
0.475472 0.618868 0.652830 0.456604 0.475472 0.464151
0.618868 0.652830 0.456604 0.475472 0.460377 0.475472
0.652830 0.456604 0.475472 0.460377 0.392453 0.618868
0.456604 0.475472 0.460377 0.392453 0.475472 0.652830
0.475472 0.460377 0.392453 0.475472 0.558491 0.456604
0.460377 0.392453 0.475472 0.558491 0.611321 0.475472
0.392453 0.475472 0.558491 0.611321 0.705660 0.460377
0.475472 0.558491 0.611321 0.705660 0.532075 0.392453
0.558491 0.611321 0.705660 0.532075 0.622642 0.475472
0.611321 0.705660 0.532075 0.622642 0.603774 0.558491
0.705660 0.532075 0.622642 0.603774 0.532075 0.611321
0.532075 0.622642 0.603774 0.532075 0.400000 0.705660
0.622642 0.603774 0.532075 0.400000 0.501887 0.532075
0.603774 0.532075 0.400000 0.501887 0.516981 0.622642
0.532075 0.400000 0.501887 0.516981 0.690566 0.603774
0.400000 0.501887 0.516981 0.690566 0.615094 0.532075
0.501887 0.516981 0.690566 0.615094 0.667925 0.400000
0.516981 0.690566 0.615094 0.667925 0.675472 0.501887
0.690566 0.615094 0.667925 0.675472 0.528302 0.516981
0.615094 0.667925 0.675472 0.528302 0.494340 0.690566
0.667925 0.675472 0.528302 0.494340 0.486792 0.615094
0.675472 0.528302 0.494340 0.486792 0.543396 0.667925
0.528302 0.494340 0.486792 0.543396 0.562264 0.675472
0.494340 0.486792 0.543396 0.562264 0.815094 0.528302
0.486792 0.543396 0.562264 0.815094 0.584906 0.494340
0.543396 0.562264 0.815094 0.584906 0.498113 0.486792
0.562264 0.815094 0.584906 0.498113 0.467925 0.543396
0.815094 0.584906 0.498113 0.467925 0.449057 0.562264
0.584906 0.498113 0.467925 0.449057 0.411321 0.815094
0.498113 0.467925 0.449057 0.411321 0.603774 0.584906
0.467925 0.449057 0.411321 0.603774 0.520755 0.498113
0.449057 0.411321 0.603774 0.520755 0.498113 0.467925
0.411321 0.603774 0.520755 0.498113 0.430189 0.449057
0.603774 0.520755 0.498113 0.430189 0.354717 0.411321
0.520755 0.498113 0.430189 0.354717 0.471698 0.603774
0.498113 0.430189 0.354717 0.471698 0.426415 0.520755
0.430189 0.354717 0.471698 0.426415 0.366038 0.498113
0.354717 0.471698 0.426415 0.366038 0.313208 0.430189
0.471698 0.426415 0.366038 0.313208 0.449057 0.354717
0.426415 0.366038 0.313208 0.449057 0.415094 0.471698
0.366038 0.313208 0.449057 0.415094 0.501887 0.426415
0.313208 0.449057 0.415094 0.501887 0.566038 0.366038
0.449057 0.415094 0.501887 0.566038 0.471698 0.313208
0.415094 0.501887 0.566038 0.471698 0.320755 0.449057
0.501887 0.566038 0.471698 0.320755 0.377358 0.415094
0.566038 0.471698 0.320755 0.377358 0.305660 0.501887
0.471698 0.320755 0.377358 0.305660 0.301887 0.566038
0.320755 0.377358 0.305660 0.301887 0.509434 0.471698
0.377358 0.305660 0.301887 0.509434 0.350943 0.320755
0.305660 0.301887 0.509434 0.350943 0.339623 0.377358
0.301887 0.509434 0.350943 0.339623 0.301887 0.305660
0.509434 0.350943 0.339623 0.301887 0.437736 0.301887
0.350943 0.339623 0.301887 0.437736 0.505660 0.509434
0.339623 0.301887 0.437736 0.505660 0.384906 0.350943
0.301887 0.437736 0.505660 0.384906 0.467925 0.339623
0.437736 0.505660 0.384906 0.467925 0.358491 0.301887
0.505660 0.384906 0.467925 0.358491 0.384906 0.437736
0.384906 0.467925 0.358491 0.384906 0.354717 0.505660
0.467925 0.358491 0.384906 0.354717 0.486792 0.384906
0.358491 0.384906 0.354717 0.486792 0.498113 0.467925
0.384906 0.354717 0.486792 0.498113 0.271698 0.358491
0.354717 0.486792 0.498113 0.271698 0.283019 0.384906
0.486792 0.498113 0.271698 0.283019 0.422642 0.354717
0.498113 0.271698 0.283019 0.422642 0.301887 0.486792
0.271698 0.283019 0.422642 0.301887 0.411321 0.498113
0.283019 0.422642 0.301887 0.411321 0.415094 0.271698
0.422642 0.301887 0.411321 0.415094 0.411321 0.283019
0.301887 0.411321 0.415094 0.411321 0.377358 0.422642
0.411321 0.415094 0.411321 0.377358 0.354717 0.301887
0.415094 0.411321 0.377358 0.354717 0.366038 0.411321
0.411321 0.377358 0.354717 0.366038 0.275472 0.415094
0.377358 0.354717 0.366038 0.275472 0.347170 0.411321
0.354717 0.366038 0.275472 0.347170 0.441509 0.377358
0.366038 0.275472 0.347170 0.441509 0.358491 0.354717
0.275472 0.347170 0.441509 0.358491 0.192453 0.366038
0.347170 0.441509 0.358491 0.192453 0.233962 0.275472
0.441509 0.358491 0.192453 0.233962 0.396226 0.347170
0.358491 0.192453 0.233962 0.396226 0.505660 0.441509
0.192453 0.233962 0.396226 0.505660 0.449057 0.358491
0.233962 0.396226 0.505660 0.449057 0.188679 0.192453
0.396226 0.505660 0.449057 0.188679 0.339623 0.233962
0.505660 0.449057 0.188679 0.339623 0.218868 0.396226
0.449057 0.188679 0.339623 0.218868 0.347170 0.505660
0.188679 0.339623 0.218868 0.347170 0.237736 0.449057
0.339623 0.218868 0.347170 0.237736 0.294340 0.188679
0.218868 0.347170 0.237736 0.294340 0.475472 0.339623
0.347170 0.237736 0.294340 0.475472 0.271698 0.218868
0.237736 0.294340 0.475472 0.271698 0.324528 0.347170
0.294340 0.475472 0.271698 0.324528 0.400000 0.237736
0.475472 0.271698 0.324528 0.400000 0.350943 0.294340
0.271698 0.324528 0.400000 0.350943 0.373585 0.475472
0.324528 0.400000 0.350943 0.373585 0.279245 0.271698
0.400000 0.350943 0.373585 0.279245 0.335849 0.324528
0.350943 0.373585 0.279245 0.335849 0.245283 0.400000
0.373585 0.279245 0.335849 0.245283 0.271698 0.350943
0.279245 0.335849 0.245283 0.271698 0.313208 0.373585
0.335849 0.245283 0.271698 0.313208 0.283019 0.279245
0.245283 0.271698 0.313208 0.283019 0.298113 0.335849
0.271698 0.313208 0.283019 0.298113 0.501887 0.245283
0.313208 0.283019 0.298113 0.501887 0.264151 0.271698
0.283019 0.298113 0.501887 0.264151 0.188679 0.313208
0.298113 0.501887 0.264151 0.188679 0.294340 0.283019
0.501887 0.264151 0.188679 0.294340 0.335849 0.298113
0.264151 0.188679 0.294340 0.335849 0.324528 0.501887
0.188679 0.294340 0.335849 0.324528 0.230189 0.264151
0.294340 0.335849 0.324528 0.230189 0.332075 0.188679
0.335849 0.324528 0.230189 0.332075 0.332075 0.294340
0.324528 0.230189 0.332075 0.332075 0.301887 0.335849
0.230189 0.332075 0.332075 0.301887 0.150943 0.324528
0.332075 0.332075 0.301887 0.150943 0.264151 0.230189
0.332075 0.301887 0.150943 0.264151 0.237736 0.332075
0.301887 0.150943 0.264151 0.237736 0.158491 0.332075
0.150943 0.264151 0.237736 0.158491 0.233962 0.301887
0.264151 0.237736 0.158491 0.233962 0.279245 0.150943
0.237736 0.158491 0.233962 0.279245 0.207547 0.264151
0.158491 0.233962 0.279245 0.207547 0.264151 0.237736
0.233962 0.279245 0.207547 0.264151 0.324528 0.158491
0.279245 0.207547 0.264151 0.324528 0.192453 0.233962
0.207547 0.264151 0.324528 0.192453 0.305660 0.279245
0.264151 0.324528 0.192453 0.305660 0.339623 0.207547
0.324528 0.192453 0.305660 0.339623 0.249057 0.264151
0.192453 0.305660 0.339623 0.249057 0.249057 0.324528
0.305660 0.339623 0.249057 0.249057 0.252830 0.192453
0.339623 0.249057 0.249057 0.252830 0.218868 0.305660